loop 3
delay 100
frame
00000000
00000000
00000000
00000000
00000000
00000000
00000000
00000000
frame
00000000
00000000
00000000
00000000
00000000
00000000
11000000
11000000
frame
00000000
00000000
00000000
00000000
00000000
00000000
11110000
11110000
frame
00000000
00000000
00000000
00000000
00000000
00000000
11111100
11111100
frame
00000000
00000000
00000000
00000000
00000000
00000000
11111111
11111111
frame
00000000
00000000
00000000
00000000
00000011
00000011
11111111
11111111
frame
00000000
00000000
00000011
00000011
00000011
00000011
11111111
11111111
frame
00000011
00000011
00000011
00000011
00000011
00000011
11111111
11111111
frame
00001111
00001111
00000011
00000011
00000011
00000011
11111111
11111111
frame
00111111
00111111
00000011
00000011
00000011
00000011
11111111
11111111
frame
11111111
11111111
00000011
00000011
00000011
00000011
11111111
11111111
frame
11111111
11111111
11000011
11000011
00000011
00000011
11111111
11111111
frame
11111111
11111111
11000011
11000011
11000011
11000011
11111111
11111111
frame
11111111
11111111
11000011
11000011
11110011
11110011
11111111
11111111
frame
11111111
11111111
11000011
11000011
11111111
11111111
11111111
11111111
frame
11111111
11111111
11001111
11001111
11111111
11111111
11111111
11111111
frame
11111111
11111111
11111111
11111111
11111111
11111111
11111111
11111111
frame
11111111
11111111
11111111
11111111
11111111
11111111
00111111
00111111
frame
11111111
11111111
11111111
11111111
11111111
11111111
00001111
00001111
frame
11111111
11111111
11111111
11111111
11111111
11111111
00000011
00000011
frame
11111111
11111111
11111111
11111111
11111111
11111111
00000000
00000000
frame
11111111
11111111
11111111
11111111
11111100
11111100
00000000
00000000
frame
11111111
11111111
11111100
11111100
11111100
11111100
00000000
00000000
frame
11111100
11111100
11111100
11111100
11111100
11111100
00000000
00000000
frame
11110000
11110000
11111100
11111100
11111100
11111100
00000000
00000000
frame
11000000
11000000
11111100
11111100
11111100
11111100
00000000
00000000
frame
00000000
00000000
11111100
11111100
11111100
11111100
00000000
00000000
frame
00000000
00000000
00111100
00111100
11111100
11111100
00000000
00000000
frame
00000000
00000000
00111100
00111100
00111100
00111100
00000000
00000000
frame
00000000
00000000
00111100
00111100
00001100
00001100
00000000
00000000
frame
00000000
00000000
00111100
00111100
00000000
00000000
00000000
00000000
frame
00000000
00000000
00110000
00110000
00000000
00000000
00000000
00000000
