loop 3
delay 200
frame
00000000
00000000
00000000
00000000
00000000
00000000
00000000
00000000
frame
00000000
00000000
00110000
00110000
00000000
00000000
00000000
00000000
frame
00000000
00000000
00110000
00110000
00001100
00001100
00000000
00000000
frame
00001100
00001100
00110000
00110000
00001100
00001100
00000000
00000000
frame
00001100
00001100
00110000
00110000
11001100
11001100
00000000
00000000
frame
00001100
00001100
00110000
00110000
11001100
11001100
00110000
00110000
frame
00001100
00001100
00110011
00110011
11001100
11001100
00110000
00110000
frame
11001100
11001100
00110011
00110011
11001100
11001100
00110000
00110000
delay 1000
frame
11001100
11001100
00110011
00110011
11001100
11001100
00110011
00110011
delay 200
frame
11001100
11001100
00110011
00110011
11001100
11001100
00111111
00111111
frame
11111100
11111100
00110011
00110011
11001100
11001100
00111111
00111111
frame
11111100
11111100
00111111
00111111
11001100
11001100
00111111
00111111
frame
11111100
11111100
00111111
00111111
11001100
11001100
11111111
11111111
frame
11111100
11111100
00111111
00111111
11001111
11001111
11111111
11111111
frame
11111100
11111100
11111111
11111111
11001111
11001111
11111111
11111111
frame
11111111
11111111
11111111
11111111
11001111
11001111
11111111
11111111
delay 1000
frame
11111111
11111111
11111111
11111111
11111111
11111111
11111111
11111111

