delay 200
frame
00000000
00000000
00000000
00000000
00000000
00000000
00000000
00000000
frame
00011000
00000000
00000000
00000000
00000000
00000000
00000000
00000000
frame
00011000
00011000
00000000
00000000
00000000
00000000
00000000
00000000
frame
00011000
00011000
00011000
00000000
00000000
00000000
00000000
00000000
frame
00011000
00011000
00011000
00011000
00000000
00000000
00000000
00000000
frame
00011000
00011000
00011000
00011000
00011000
00000000
00000000
00000000
frame
00011000
00011000
00011000
00011000
00011000
00011000
00000000
00000000
frame
00011000
00011000
00011000
00011000
00011000
00011000
00011000
00000000
frame
00011000
00011000
00011000
00011000
00011000
00011000
00011000
00011000
frame
00011000
01011000
01011000
00011000
00011000
00011000
00011000
00011000
delay 200
frame
00011000
01111000
01111000
00011000
00011000
00011000
00011000
00011000
delay 200
frame
00011000
01111100
01111100
00011000
00011000
00011000
00011000
00011000
delay 1000
frame
00011000
01111110
01111110
00011000
00011000
00011000
00011000
00011000
delay 200
frame
00011000
01111110
01111110
00011000
01011000
00011000
00011000
00011000
frame
00011000
01111110
01111110
00011000
01011000
01011000
00011000
00011000
frame
00011000
01111110
01111110
00011000
01011000
01011000
01011000
00011000
frame
00011000
01111110
01111110
00011000
01011000
01011000
01011000
01011000
delay 200
frame
00011000
01111110
01111110
00011000
01011000
11011000
01011000
01011000
delay 500
frame
00011000
01111110
01111110
00011000
01011000
11111000
01011000
01011000
delay 200
frame
00011000
01111110
01111110
00011000
01011010
11111000
01011000
01011000
frame
00011000
01111110
01111110
00011000
01011010
11111010
01011000
01011000
frame
00011000
01111110
01111110
00011000
01011010
11111010
01011010
01011000
frame
00011000
01111110
01111110
00011000
01011010
11111010
01011010
01011010
delay 200
frame
00011000
01111110
01111110
00011000
01011010
11111110
01011010
01011010
delay 4000
frame
00011000
01111110
01111110
00011000
01011010
11111111
01011010
01011010
