loop 3  
delay 500 
frame 
00000000 
00000000 
00000000 
00000000 
00000000 
00000000 
00000000 
00000000 
frame 
11111111 
00000000 
00000000 
00000000 
00000000 
00000000 
00000000 
11111111 
frame 
11111111 
11111111 
00000000 
00000000 
00000000 
00000000 
11111111 
11111111 
frame 
11111111 
11111111 
11111111 
00000000 
00000000 
11111111 
11111111 
11111111 
frame
11111111
11111111
11111111
11111111
11111111
11111111
11111111
11111111
frame
11111111
11111111
11111111
00000000
00000000
11111111
11111111
11111111
frame
11111111
11111111
00000000
00000000
00000000
00000000
11111111
11111111
frame
11111111
00000000
00000000
00000000
00000000
00000000
00000000
11111111
frame
00000000
00000000
00000000
00000000
00000000
00000000
00000000
00000000
frame
10000001
10000001
10000001
10000001
10000001
10000001
10000001
10000001
frame
11000011
11000011
11000011
11000011
11000011
11000011
11000011
11000011
frame
11100111
11100111
11100111
11100111
11100111
11100111
11100111
11100111
frame
11111111
11111111
11111111
11111111
11111111
11111111
11111111
11111111
frame
11100111
11100111
11100111
11100111
11100111
11100111
11100111
11100111
frame
11000011
11000011
11000011
11000011
11000011
11000011
11000011
11000011
frame
10000001
10000001
10000001
10000001
10000001
10000001
10000001
10000001

