delay 700
frame
00000000
00000000
00000000
00000000
00000000
00000000
00000000
00000000
frame
00110000
00000000
00000000
00000000
00000000
00000000
00000000
00000000
frame
00111001
00110000
00000000
00000000
00000000
00000000
00000000
00000000
frame
11111101
00110001
00100000
00000000
00000000
00000000
00000000
00000000
frame
11111111
11110101
00110001
00100000
00000000
00000000
00000000
00000000
frame
11111111
11111111
10110001
00110000
00100000
00000000
00000000
00000000
frame
11111111
11111111
11111011
10110001
00110000
00100000
00000000
00000000
frame
11111111
11111111
11111111
11110011
10110001
00110000
00000000
00000000
frame
11111111
11111111
11111111
11111111
11110011
10110001
00010000
00000000
frame
11111111
11111111
11111111
11111111
11111111
10111001
10010000
00010000
frame
11111111
11111111
11111111
11111111
11111111
11111111
10011001
10011000
frame
11111111
11111111
11111111
11111111
11111111
11111111
11111001
10011000
frame
11111111
11111111
11111111
11111111
11111111
11111111
11111111
11011011
delay 2000
frame
11111111
11111111
11111111
11111111
11111111
11111111
11111111
11111111

