delay 1000
frame
00000000
00000000
00000000
00000000
00000000
00000000
00000000
00000000
delay 200
frame
00011000
00000000
00000000
00000000
00000000
00000000
00000000
00000000
frame
00011000
00011000
00000000
00000000
00000000
00000000
00000000
00000000
frame
00011000
00011000
00011000
00000000
00000000
00000000
00000000
00000000
frame
00011000
00011000
00011000
00011000
00000000
00000000
00000000
00000000
frame
00011000
00011000
00011000
00011000
00011000
00000000
00000000
00000000
frame
00011000
00011000
00011000
00011000
00011000
00011000
00000000
00000000
frame
00011000
00011000
00011000
00011000
00011000
00011000
00011000
00000000
frame
00011000
00011000
00011000
00011000
00011000
00011000
00011000
00011000
frame
00011000
00011000
00011000
00011000
00011000
00011000
00011000
11111111
delay 300
frame
00011000
00011000
00011000
00011000
00011000
00011000
10011001
11111111
frame
00011000
00011000
00011000
00011000
00011000
00111100
11111111
11111111
frame
00011000
00011000
00011000
00011000
10011001
11111111
11111111
11111111
frame
00011000
00011000
00011000
00011000
11111111
11111111
11111111
11111111
frame
00011000
00011000
00011000
11111111
11111111
11111111
11111111
11111111
frame
00011000
00011000
11111111
11111111
11111111
11111111
11111111
11111111
frame
00011000
11111111
11111111
11111111
11111111
11111111
11111111
11111111
delay 1000
frame
11111111
11111111
11111111
11111111
11111111
11111111
11111111
11111111
