loop 15
delay 75
frame
00000000
00000000
00100000
00100100
10100100
11100110
11101111
11111111
frame
00000000
00100000
00100000
10100000
10100100
11101110
11101110
11111111
frame
00000000
00000000
00100000
00100000
11100000
11101110
11111111
11111111
frame
00000000
00000000
00000000
01100000
01100010
11111011
11111111
11111111
frame
00000000
00000000
01000000
01000010
01110011
01111011
11111011
11111111
frame
00000000
00000000
00000000
01100011
01111011
11111011
11111111
11111111
frame
00000000
00000000
00100000
00100000
11101011
11111111
11111111
11111111
frame
00000000
00000000
00000000
10100000
10100100
11101111
11111111
11111111
frame
00000000
00000000
00100000
10100000
10100100
11100101
11111111
11111111
