loop 3
delay 200
frame
00000000
00001000
00000100
00011100
00000000
00000000
00000000
00000000
frame
00000000
00000000
00010100
00001100
00001000
00000000
00000000
00000000
frame
00000000
00000000
00000100
00010100
00001100
00000000
00000000
00000000
frame
00000000
00000000
00001000
00000110
00001100
00000000
00000000
00000000
frame
00000000
00000000
00000100
00000010
00001110
00000000
00000000
00000000
frame
00000000
00000000
00000000
00001010
00000110
00000100
00000000
00000000
frame
00000000
00000000
00000000
00000010
00001010
00000110
00000000
00000000
frame
00000000
00000000
00000000
00000100
00000011
00000110
00000000
00000000
frame
00000000
00000000
00000000
00000010
00000001
00000111
00000000
00000000
frame
00000000
00000000
00000000
00000000
00000101
00000011
00000010
00000000
frame
00000000
00000000
00000000
00000000
00000001
00000101
00000011
00000000
frame
00000000
00000000
00000000
00000000
00000010
10000001
00000011
00000000
frame
00000000
00000000
00000000
00000000
00000001
10000000
10000011
00000000
frame
00000000
00000000
00000000
00000000
00000000
10000010
10000001
00000001
frame
00000000
00000000
00000000
00000000
00000000
10000000
10000010
10000001
frame
00000000
00000000
00000000
00000000
00000000
00000000
11000010
10000001
frame
00000000
00000000
00000000
00000000
00000000
10000000
01000000
11000001
frame
10000000
00000000
00000000
00000000
00000000
00000000
01000001
11000000
frame
11000000
00000000
00000000
00000000
00000000
00000000
01000000
01000001
frame
11000000
00000000
00000000
00000000
00000000
00000000
10000000
01100000
frame
11100000
00000000
00000000
00000000
00000000
00000000
01000000
00100000
frame
01100000
01000000
00000000
00000000
00000000
00000000
00000000
10100000
frame
10100000
01100000
00000000
00000000
00000000
00000000
00000000
00100000
frame
00110000
01100000
00000000
00000000
00000000
00000000
00000000
01000000
frame
00010000
01110000
00000000
00000000
00000000
00000000
00000000
00100000
frame
01010000
00110000
00100000
00000000
00000000
00000000
00000000
00000000
frame
00010000
01010000
00110000
00000000
00000000
00000000
00000000
00000000
frame
00100000
00011000
00110000
00000000
00000000
00000000
00000000
00000000
frame
00010000
00001000
00111000
00000000
00000000
00000000
00000000
00000000

