loop 3
delay 300
frame
00000000
00000000
00000000
00000000
00000000
00000000
00000000
00000000
frame
00000000
00000000
00000001
00000001
00000001
00000001
00000000
00000000
frame
00000000
00000000
00000010
00000010
00000010
00000011
00000000
00000000
frame
00000000
00000000
00000100
00000100
00000100
00000111
00000000
00000000
frame
00000000
00000000
00001000
00001000
00001000
00001110
00000000
00000000
frame
00000000
00000000
00010001
00010001
00010001
00011101
00000000
00000000
frame
00000000
00000000
00100010
00100010
00100010
00111001
00000000
00000000
frame
00000000
00000000
01000100
01000100
01000100
01110011
00000000
00000000
frame
00000000
00000000
10001001
10001001
10001001
11100110
00000000
00000000
frame
00000000
00000000
00010010
00010010
00010010
11001100
00000000
00000000
frame
00000000
00000000
00100100
00100101
00100101
10011000
00000000
00000000
frame
00000000
00000000
01001001
01001010
01001010
00110001
00000000
00000000
frame
00000000
00000000
10010011
10010100
10010100
01100011
00000000
00000000
frame
00000000
00000000
00100110
00101000
00101000
11000110
00000000
00000000
frame
00000000
00000000
01001100
01010001
01010001
10001100
00000000
00000000
frame
00000000
00000000
10011001
10100010
10100011
00011001
00000000
00000000
frame
00000000
00000000
00110011
01000101
01000110
00110011
00000000
00000000
frame
00000000
00000000
01100110
10001010
10001100
01100110
00000000
00000000
frame
00000000
00000000
11001100
00010101
00011001
11001100
00000000
00000000
frame
00000000
00000000
10011001
00101010
00110011
10011001
00000000
00000000
frame
00000000
00000000
00110011
01010101
01100110
00110011
00000000
00000000
frame
00000000
00000000
01100110
10101010
11001100
01100110
00000000
00000000
frame
00000000
00000000
11001100
01010100
10011000
11001100
00000000
00000000
frame
00000000
00000000
10011000
10101000
00110000
10011000
00000000
00000000
frame
00000000
00000000
00110000
01010000
01100000
00110000
00000000
00000000
frame
00000000
00000000
01100000
10100000
11000000
01100000
00000000
00000000
frame
00000000
00000000
11000000
01000000
10000000
11000000
00000000
00000000
frame
00000000
00000000
10000000
10000000
00000000
10000000
00000000
00000000
