loop 5
delay 300
frame
00000000
00000000
00000001
10000001
11100001
11100000
00000000
00000000
frame
00000000
00000000
00000001
10110001
10110001
10000000
00000000
00000000
frame
00000000
00000000
00011001
10011001
10000001
10000000
00000000
00000000
frame
00000000
00001101
00001101
10000001
10000000
10000000
00000000
00000000
frame
00000111
00000111
00000001
10000000
10000000
10000000
00000000
00000000
frame
00001101
00001101
10000001
10000000
10000000
00000000
00000000
00000000
frame
00000001
10011001
10011001
10000000
00000000
00000000
00000000
00000000
frame
10000001
10110001
10110001
00000000
00000000
00000000
00000000
00000000
frame
00000001
10000001
11100001
11100000
00000000
00000000
00000000
00000000
frame
00000000
00000001
10000001
10110001
10110000
00000000
00000000
00000000
frame
00000000
00000000
10000001
10000001
10011001
00011000
00000000
00000000
frame
00000000
00000000
10000000
10000001
10000001
00001101
00001100
00000000
frame
00000000
00000000
00000000
10000000
10000000
10000001
00000111
00000111
frame
00000000
00000000
00000000
00000000
10000000
10000001
10001101
00001101
frame
00000000
00000000
00000000
00000000
00000001
10000001
10011001
10011000
frame
00000000
00000000
00000000
00000001
00000001
10000001
10110000
10110000
frame
00000000
00000000
00000000
00000001
00000001
10000001
11100000
11100000
frame
00000000
00000000
00000000
00000001
10000001
10110001
10110000
00000000
frame
00000000
00000000
00000000
10000001
10000001
10011001
00011000
00000000
frame
00000000
00000000
00000000
10000001
10001101
10001101
00000000
00000000
frame
00000000
00000000
00000000
10000001
10000111
10000111
00000000
00000000
frame
00000000
00000000
00000001
10000001
10001101
10001100
00000000
00000000
frame
00000000
00000000
00000001
10000001
10011001
10011000
00000000
00000000
frame
00000000
00000000
00000001
10000001
10110001
10110000
00000000
00000000

