loop 3
loop 3
delay 300
frame
00000000
00000000
00000000
00000000
00000000
00000000
00000000
00000000
frame
00000000
00000001
00000001
00000001
00000001
00000001
00000001
00000000
frame
00000000
00000011
00000010
00000010
00000011
00000010
00000010
00000000
frame
00000000
00000111
00000100
00000100
00000111
00000100
00000100
00000000
frame
00000000
00000111
00000100
00000100
00000111
00000100
00000100
00000000
frame
00000000
00001110
00001001
00001001
00001110
00001000
00001000
00000000
frame
00000000
00011100
00010010
00010010
00011100
00010000
00010000
00000000
frame
00000000
00111001
00100101
00100101
00111001
00100001
00100001
00000000
frame
00000000
01110011
01001010
01001010
01110011
01000010
01000010
00000000
frame
00000000
11100111
10010100
10010100
11100111
10000101
10000100
00000000
frame
00000000
11001110
00101001
00101001
11001110
00001010
00001001
00000000
frame
00000000
10011100
01010010
01010010
10011100
00010100
00010010
00000000
frame
00000000
00111001
10100101
10100101
00111001
00101001
00100101
00000000
frame
00000000
01110011
01001010
01001011
01110010
01010010
01001011
00000000
frame
00000000
11100111
10010100
10010111
11100100
10100100
10010111
00000000
frame
00000000
11001110
00101000
00101110
11001000
01001000
00101110
00000000
frame
00000000
10011101
01010001
01011101
10010000
10010000
01011101
00000000
frame
00000000
00111011
10100010
10111011
00100000
00100000
10111011
00000000
frame
00000000
01110111
01000100
01110111
01000001
01000001
01110111
00000000
frame
00000000
11101110
10001000
11101110
10000010
10000010
11101110
00000000
frame
00000000
11011101
00010001
11011101
00000101
00000101
11011101
00000000
frame
00000000
10111010
00100010
10111010
00001010
00001010
10111010
00000000
frame
00000000
01110101
01000101
01110101
00010101
00010101
01110101
00000000
frame
00000000
11101011
10001010
11101010
00101010
00101010
11101011
00000000
frame
00000000
11010110
00010101
11010100
01010100
01010101
11010110
00000000
frame
00000000
10101100
00101010
10101010
10101010
10101010
10101100
00000000
frame
00000000
01011001
01010101
01010101
01010101
01010101
01011001
00000000
frame
00000000
10110011
10101010
10101011
10101010
10101010
10110011
00000000
frame
00000000
01100111
01010100
01010111
01010100
01010100
01100111
00000000
frame
00000000
11001110
10101000
10101110
10101000
10101000
11001110
00000000
frame
00000000
10011100
01010000
01011100
01010000
01010000
10011100
00000000
frame
00000000
00111000
10100000
10111000
10100000
10100000
00111000
00000000
frame
00000000
01110000
01000000
01110000
01000000
01000000
01110000
00000000
frame
00000000
11100000
10000000
11100000
10000000
10000000
11100000
00000000
frame
00000000
11000000
00000001
11000001
00000001
00000001
11000000
00000000
frame
00000000
10000001
00000010
10000010
00000010
00000010
10000001
00000000
frame
00000000
00000011
00000100
00000100
00000100
00000100
00000011
00000000
frame
00000000
00000111
00001000
00001000
00001000
00001000
00000111
00000000
frame
00000000
00001110
00010000
00010000
00010000
00010000
00001110
00000000
frame
00000000
00011101
00100001
00100001
00100001
00100001
00011101
00000000
frame
00000000
00111001
01000010
01000010
01000010
01000010
00111010
00000000
frame
00000000
01110011
10000100
10000100
10000100
10000100
01110100
00000000
frame
00000000
11100110
00001001
00001001
00001001
00001001
11101001
00000000
frame
00000000
11100110
00001001
00001001
00001001
00001001
11101001
00000000
frame
00000000
11001101
00010010
00010010
00010010
00010010
11010010
00000000
frame
00000000
10011011
00100100
00100100
00100100
00100100
10100100
00000000
frame
00000000
00110110
01001001
01001001
01001001
01001001
01001001
00000000
frame
00000000
01101100
10010010
10010010
10010010
10010010
10010010
00000000
frame
00000000
11011001
00100101
00100101
00100100
00100100
00100101
00000000
frame
00000000
10110011
01001010
01001011
01001000
01001000
01001011
00000000
frame
00000000
01100111
10010100
10010111
10010000
10010000
10010111
00000000
frame
00000000
11001111
00101000
00101111
00100001
00100001
00101111
00000000
frame
00000000
10011110
01010000
01011110
01000010
01000010
01011110
00000000
frame
00000000
00111100
10100000
10111100
10000100
10000100
10111100
00000000
frame
00000000
01111000
01000000
01111000
00001000
00001000
01111000
00000000
frame
00000000
11110000
10000000
11110000
00010000
00010000
11110000
00000000
frame
00000000
11100000
00000000
11100000
00100000
00100000
11100000
00000000
frame
00000000
11000000
00000000
11000000
01000000
01000000
11000000
00000000
frame
00000000
10000000
00000000
10000000
10000000
10000000
10000000
00000000
frame
00000000
00000000
00000000
00000000
00000000
00000000
00000000
00000000
