loop 3
delay 500
frame
11111111
11111111
11111111
11110011
11110011
11111111
11111111
11111111
delay 200
frame
11111111
11111111
11111111
11110110
11110110
11111111
11111111
11111111
delay 500
frame
11111111
11111111
11111111
11111100
11111100
11111111
11111111
11111111
delay 200
frame
11111111
11111111
11111111
11111100
11111111
11111111
11111100
11111111
delay 500
frame
11111111
11111111
11111111
11111111
11111111
11111111
11111100
11111100
delay 200
frame
11111111
11111111
11111111
11111111
11111111
11111111
11111001
11111001
delay 500
frame
11111111
11111111
11111111
11111111
11111111
11111111
11110011
11110011
delay 200
frame
11111111
11111111
11111111
11111111
11111111
11110011
11110011
11111111
delay 500
frame
11111111
11111111
11111111
11111111
11110011
11110011
11111111
11111111
delay 200
frame
11111111
11111111
11111111
11111111
11100111
11100111
11111111
11111111
delay 500
frame
11111111
11111111
11111111
11111111
11001111
11001111
11111111
11111111
delay 200
frame
11111111
11111111
11111111
11001111
11001111
11111111
11111111
11111111
delay 500
frame
11111111
11111111
11001111
11001111
11111111
11111111
11111111
11111111
delay 200
frame
11111111
11111111
10011111
10011111
11111111
11111111
11111111
11111111
delay 500
frame
11111111
11111111
00111111
00111111
11111111
11111111
11111111
11111111
delay 200
frame
11111111
00111111
00111111
11111111
11111111
11111111
11111111
11111111
delay 500
frame
00111111
00111111
11111111
11111111
11111111
11111111
11111111
11111111
delay 200
frame
10011111
10011111
11111111
11111111
11111111
11111111
11111111
11111111
delay 500
frame
11001111
11001111
11111111
11111111
11111111
11111111
11111111
11111111
delay 200
frame
11100111
11100111
11111111
11111111
11111111
11111111
11111111
11111111
delay 500
frame
11110011
11110011
11111111
11111111
11111111
11111111
11111111
11111111
delay 200
frame
11111111
11110011
11110011
11111111
11111111
11111111
11111111
11111111
