loop 10
delay 100
frame
00000100
01000000
00000000
01001000
00010001
00000000
01000010
00000000
frame
00000000
00100000
00000100
01000000
00000100
00010000
01000000
00000010
frame
00010010
01000000
00010000
00000000
00100001
00100001
00001000
01000000
frame
00000000
10001000
00000000
00100100
00000000
00000000
10010001
00001000
frame
00000100
00100000
00001000
00000010
00000000
00100100
00000000
00010000
frame
00000001
00000000
00001000
01000100
00000000
00100000
10000100
00000000
frame
00000000
00010010
00000000
00100000
00001000
01000000
00000001
01000000
frame
00000100
01000000
00000000
00001000
00100000
00000100
00000000
00100001

