delay 400
frame
00000000
00100000
00000000
10000000
00010010
00000000
01000000
00000000
frame
00000000
00100000
00000000
10010000
00000010
00000000
01000000
00000000
frame
00000000
00100000
00010000
10000000
00000010
00000000
01000000
00000000
frame
00000000
00110000
00000000
10000000
00000010
00000000
01000000
00000000
frame
00000000
01100000
00000000
10000000
00000010
00000000
01000000
00000000
frame
00000000
11000000
00000000
10000000
00000010
00000000
01000000
00000000
frame
00000000
10000000
10000000
10000000
00000010
00000000
01000000
00000000
frame
00000000
00000000
10000000
10000000
10000010
00000000
01000000
00000000
frame
00000000
00000000
00000000
10000000
10000010
10000000
01000000
00000000
frame
00000000
00000000
00000000
00000000
10000010
10000000
11000000
00000000
frame
00000000
00000000
00000000
00000000
00000010
10000000
11100000
00000000
frame
00000000
00000000
00000000
00000000
00000010
00000000
11110000
00000000
frame
00000000
00000000
00000000
00000000
00000010
00000000
01111000
00000000
frame
00000000
00000000
00000000
00000000
00000010
00000000
00111100
00000000
frame
00000000
00000000
00000000
00000000
00000010
00000000
00011110
00000000
frame
00000000
00000000
00000000
00000000
00000010
00000010
00001110
00000000
frame
00000000
00000000
00000000
00000000
00000000
00000000
00000000
00000000
frame
00000000
00000000
00000000
00000000
00000010
00000010
00001110
00000000
frame
00000000
00000000
00000000
00000000
00000000
00000000
00000000
00000000
frame
00000000
00000000
00000000
00000000
00000010
00000010
00001110
00000000
frame
00000000
00000000
00000000
00000000
00000000
00000000
00000000
00000000

