loop 3
delay 200
frame
00000000
00000000
00000000
00000000
00000000
00000000
00000000
00000000
frame
00010000
00010000
00010000
00010000
00000000
00000000
00000000
00000000
frame
00011000
00011000
00010000
00010000
00000000
00000000
00000000
00000000
frame
00011000
00011100
00011000
00010000
00000000
00000000
00000000
00000000
frame
00011000
00011100
00011110
00011000
00000000
00000000
00000000
00000000
frame
00011000
00011100
00011110
00011111
00000000
00000000
00000000
00000000
frame
00011000
00011100
00011110
00011111
00000011
00000000
00000000
00000000
frame
00011000
00011100
00011110
00011111
00001111
00000110
00000000
00000000
frame
00011000
00011100
00011110
00011111
00011111
00001110
00000100
00000000
frame
00011000
00011100
00011110
00011111
00011111
00001110
00001100
00001000
frame
00011000
00011100
00011110
00011111
00011111
00001110
00011100
00011000
frame
00011000
00011100
00011110
00011111
00011111
00011110
00111100
00011000
frame
00011000
00011100
00011110
00011111
00011111
01111110
00111100
00011000
frame
00011000
00011100
00011110
00011111
11111111
01111110
00111100
00011000
frame
00011000
00011100
00011110
11011111
11111111
01111110
00111100
00011000
frame
00011000
00011100
01011110
11111111
11111111
01111110
00111100
00011000
frame
00011000
00111100
01111110
11111111
11111111
01111110
00111100
00011000
frame
00001000
00101100
01101110
11101111
11111111
01111110
00111100
00011000
frame
00000000
00100100
01101110
11101111
11111111
01111110
00111100
00011000
frame
00000000
00100000
01100000
11101111
11111111
01111110
00111100
00011000
frame
00000000
00100000
01100000
11101100
11111111
01111110
00111100
00011000
frame
00000000
00100000
01100000
11100000
11111100
01111110
00111100
00011000
frame
00000000
00100000
01100000
11100000
11111000
01111100
00111100
00011000
frame
00000000
00100000
01100000
11100000
11111000
01111000
00111000
00011000
frame
00000000
00100000
01100000
11100000
11110000
01110000
00110000
00010000
frame
00000000
00100000
01100000
11100000
11110000
01110000
00100000
00000000
frame
00000000
00100000
01100000
11100000
11100000
01100000
00000000
00000000
frame
00000000
00100000
01100000
11100000
11100000
00000000
00000000
00000000
frame
00000000
00100000
01100000
11100000
00100000
00000000
00000000
00000000
frame
00000000
00100000
01100000
01100000
00000000
00000000
00000000
00000000
frame
00000000
00100000
01100000
00000000
00000000
00000000
00000000
00000000
frame
00000000
00100000
00000000
00000000
00000000
00000000
00000000
00000000
